| -42 | 0 | -12 | 1 |

| -3 | 1 |

-------------------------

| -42 | 0 | -12 | 1 |

| 0 | 0 | -3 | 1 |

-------------------------

| -42 | 0 | -12 | 1 |

| 0 | 0 | -3 | 1 |

-------------------------

| -42 | 0 | -9 | 0 |

| 0 | 0 | -3 | 1 |

-------------------------

| -42 | 0 | -9 |

| -3 | 1 |

-------------------------

| -42 | 0 | -9 |

| 0 | -3 | 1 |

-------------------------

| -42 | 0 | -9 |

| 0 | 27 | -9 |

-------------------------

| -42 | -27 | 0 |

| 0 | 27 | -9 |

-------------------------

| -42 | -27 |

| -3 | 1 |

-------------------------

| -42 | -27 |

| -3 | 1 |

-------------------------

| -42 | -27 |

| 81 | -27 |

-------------------------

| -123 | 0 |

| 81 | -27 |

-------------------------